p cnf 97 848
c [1]-00600 [2]-00631 [3]-10060 [4]-10051 [5]-20660 [6]-20621 [7]-30640 [8]-30611 [9]-40440 [10]-40421 [11]-50410 [12]-50421 [13]-60110 [14]-60131 [15]-70101 [16]-01350 [17]-01331 [18]-11520 [19]-11541 [20]-21210 [21]-21211 [22]-31120 [23]-31121 [24]-41220 [25]-41231 [26]-51230 [27]-51201 [28]-61300 [29]-61341 [30]-71041 [31]-02340 [32]-02301 [33]-12410 [34]-12421 [35]-22120 [36]-22101 [37]-32230 [38]-32221 [39]-42300 [40]-42321 [41]-52040 [42]-52001 [43]-62440 [44]-62431 [45]-72411 [46]-03020 [47]-03051 [48]-13200 [49]-13241 [50]-23020 [51]-23011 [52]-33220 [53]-33251 [54]-43200 [55]-43211 [56]-53030 [57]-53031 [58]-63310 [59]-63351 [60]-73151 [61]-04540 [62]-04551 [63]-14410 [64]-14451 [65]-24150 [66]-24161 [67]-34510 [68]-34551 [69]-44130 [70]-44121 [71]-54350 [72]-54301 [73]-64550 [74]-64501 [75]-74561 [76]-05550 [77]-05561 [78]-15560 [79]-15561 [80]-25650 [81]-25661 [82]-35520 [83]-35541 [84]-45200 [85]-45231 [86]-55000 [87]-55041 [88]-65060 [89]-65011 [90]-75631 [91]-06660 [92]-16660 [93]-26640 [94]-36430 [95]-46340 [96]-56410 [97]-66130 0
 1 2 3 4 5 6 7 8 9 10 11 12 13 14 15 16 17 18 19 20 21 22 23 24 25 26 27 28 29 30 31 32 33 34 35 36 37 38 39 40 41 42 43 44 45 46 47 48 49 50 51 52 53 54 55 56 57 58 59 60 61 62 63 64 65 66 67 68 69 70 71 72 73 74 75 76 77 78 79 80 81 82 83 84 85 86 87 88 89 90 91 92 93 94 95 96 97 0

1 3  88  0
 -1 -2 0
 -1 -3 0
 -1 -4 0
 -1 -88 0

2 90  0
 -2 -1 0
 -2 -16 0
 -2 -17 0
 -2 -90 0

3 1  88  0
 -3 -1 0
 -3 -4 0
 -3 -5 0
 -3 -6 0
 -3 -88 0

4 47  74  0
 -4 -1 0
 -4 -3 0
 -4 -16 0
 -4 -18 0
 -4 -19 0
 -4 -47 0
 -4 -74 0

5 81  91  92  0
 -5 -3 0
 -5 -6 0
 -5 -7 0
 -5 -8 0
 -5 -81 0
 -5 -91 0
 -5 -92 0

6 0
 -6 -3 0
 -6 -5 0
 -6 -18 0
 -6 -20 0
 -6 -21 0

7 93  0
 -7 -5 0
 -7 -8 0
 -7 -9 0
 -7 -10 0
 -7 -93 0

8 66  0
 -8 -5 0
 -8 -7 0
 -8 -20 0
 -8 -22 0
 -8 -23 0
 -8 -66 0

9 43  0
 -9 -7 0
 -9 -10 0
 -9 -11 0
 -9 -12 0
 -9 -43 0

10 12  34  49  0
 -10 -7 0
 -10 -9 0
 -10 -12 0
 -10 -22 0
 -10 -24 0
 -10 -25 0
 -10 -34 0
 -10 -49 0

11 33  45  63  96  0
 -11 -9 0
 -11 -12 0
 -11 -13 0
 -11 -14 0
 -11 -33 0
 -11 -45 0
 -11 -63 0
 -11 -96 0

12 10  34  49  0
 -12 -9 0
 -12 -10 0
 -12 -11 0
 -12 -24 0
 -12 -26 0
 -12 -27 0
 -12 -34 0
 -12 -49 0

13 0
 -13 -11 0
 -13 -14 0
 -13 -15 0

14 58  69  97  0
 -14 -11 0
 -14 -13 0
 -14 -26 0
 -14 -28 0
 -14 -29 0
 -14 -58 0
 -14 -69 0
 -14 -97 0

15 36  51  89  0
 -15 -13 0
 -15 -28 0
 -15 -30 0
 -15 -36 0
 -15 -51 0
 -15 -89 0

16 59  71  0
 -16 -2 0
 -16 -4 0
 -16 -17 0
 -16 -18 0
 -16 -19 0
 -16 -59 0
 -16 -71 0

17 0
 -17 -2 0
 -17 -16 0
 -17 -31 0
 -17 -32 0

18 53  82  0
 -18 -4 0
 -18 -6 0
 -18 -16 0
 -18 -19 0
 -18 -20 0
 -18 -21 0
 -18 -53 0
 -18 -82 0

19 61  64  83  0
 -19 -4 0
 -19 -16 0
 -19 -18 0
 -19 -31 0
 -19 -33 0
 -19 -34 0
 -19 -61 0
 -19 -64 0
 -19 -83 0

20 21  22  23  35  55  70  0
 -20 -6 0
 -20 -8 0
 -20 -18 0
 -20 -21 0
 -20 -22 0
 -20 -23 0
 -20 -35 0
 -20 -55 0
 -20 -70 0

21 20  22  23  35  55  70  0
 -21 -6 0
 -21 -18 0
 -21 -20 0
 -21 -22 0
 -21 -23 0
 -21 -33 0
 -21 -35 0
 -21 -36 0
 -21 -55 0
 -21 -70 0

22 20  21  23  35  55  70  0
 -22 -8 0
 -22 -10 0
 -22 -20 0
 -22 -21 0
 -22 -23 0
 -22 -24 0
 -22 -25 0
 -22 -35 0
 -22 -55 0
 -22 -70 0

23 20  21  22  35  55  70  0
 -23 -8 0
 -23 -20 0
 -23 -21 0
 -23 -22 0
 -23 -35 0
 -23 -37 0
 -23 -38 0
 -23 -55 0
 -23 -70 0

24 38  52  0
 -24 -10 0
 -24 -12 0
 -24 -22 0
 -24 -25 0
 -24 -26 0
 -24 -27 0
 -24 -38 0
 -24 -52 0

25 26  37  40  85  0
 -25 -10 0
 -25 -22 0
 -25 -24 0
 -25 -26 0
 -25 -37 0
 -25 -39 0
 -25 -40 0
 -25 -85 0

26 25  37  40  85  0
 -26 -12 0
 -26 -14 0
 -26 -24 0
 -26 -25 0
 -26 -27 0
 -26 -28 0
 -26 -29 0
 -26 -37 0
 -26 -40 0
 -26 -85 0

27 46  48  50  54  84  0
 -27 -12 0
 -27 -24 0
 -27 -26 0
 -27 -39 0
 -27 -41 0
 -27 -42 0
 -27 -46 0
 -27 -48 0
 -27 -50 0
 -27 -54 0
 -27 -84 0

28 32  39  56  57  72  0
 -28 -14 0
 -28 -15 0
 -28 -26 0
 -28 -29 0
 -28 -30 0
 -28 -32 0
 -28 -39 0
 -28 -56 0
 -28 -57 0
 -28 -72 0

29 31  44  94  95  0
 -29 -14 0
 -29 -26 0
 -29 -28 0
 -29 -31 0
 -29 -41 0
 -29 -43 0
 -29 -44 0
 -29 -94 0
 -29 -95 0

30 41  87  0
 -30 -15 0
 -30 -28 0
 -30 -41 0
 -30 -43 0
 -30 -45 0
 -30 -87 0

31 29  44  94  95  0
 -31 -17 0
 -31 -19 0
 -31 -29 0
 -31 -32 0
 -31 -33 0
 -31 -34 0
 -31 -44 0
 -31 -94 0
 -31 -95 0

32 28  39  56  57  72  0
 -32 -17 0
 -32 -28 0
 -32 -31 0
 -32 -39 0
 -32 -46 0
 -32 -47 0
 -32 -56 0
 -32 -57 0
 -32 -72 0

33 11  45  63  96  0
 -33 -11 0
 -33 -19 0
 -33 -21 0
 -33 -31 0
 -33 -34 0
 -33 -35 0
 -33 -36 0
 -33 -45 0
 -33 -63 0
 -33 -96 0

34 10  12  49  0
 -34 -10 0
 -34 -12 0
 -34 -19 0
 -34 -31 0
 -34 -33 0
 -34 -46 0
 -34 -48 0
 -34 -49 0

35 20  21  22  23  55  70  0
 -35 -20 0
 -35 -21 0
 -35 -22 0
 -35 -23 0
 -35 -33 0
 -35 -36 0
 -35 -37 0
 -35 -38 0
 -35 -55 0
 -35 -70 0

36 15  51  89  0
 -36 -15 0
 -36 -21 0
 -36 -33 0
 -36 -35 0
 -36 -48 0
 -36 -50 0
 -36 -51 0
 -36 -89 0

37 25  26  40  85  0
 -37 -23 0
 -37 -25 0
 -37 -26 0
 -37 -35 0
 -37 -38 0
 -37 -39 0
 -37 -40 0
 -37 -85 0

38 24  52  0
 -38 -23 0
 -38 -24 0
 -38 -35 0
 -38 -37 0
 -38 -50 0
 -38 -52 0
 -38 -53 0

39 28  32  56  57  72  0
 -39 -25 0
 -39 -27 0
 -39 -28 0
 -39 -32 0
 -39 -37 0
 -39 -40 0
 -39 -41 0
 -39 -42 0
 -39 -56 0
 -39 -57 0
 -39 -72 0

40 25  26  37  85  0
 -40 -25 0
 -40 -26 0
 -40 -37 0
 -40 -39 0
 -40 -52 0
 -40 -54 0
 -40 -55 0
 -40 -85 0

41 30  87  0
 -41 -27 0
 -41 -29 0
 -41 -30 0
 -41 -39 0
 -41 -42 0
 -41 -43 0
 -41 -44 0
 -41 -87 0

42 86  0
 -42 -27 0
 -42 -39 0
 -42 -41 0
 -42 -54 0
 -42 -56 0
 -42 -57 0
 -42 -86 0

43 9  0
 -43 -9 0
 -43 -29 0
 -43 -30 0
 -43 -41 0
 -43 -44 0
 -43 -45 0

44 29  31  94  95  0
 -44 -29 0
 -44 -31 0
 -44 -41 0
 -44 -43 0
 -44 -56 0
 -44 -58 0
 -44 -59 0
 -44 -94 0
 -44 -95 0

45 11  33  63  96  0
 -45 -11 0
 -45 -30 0
 -45 -33 0
 -45 -43 0
 -45 -58 0
 -45 -60 0
 -45 -63 0
 -45 -96 0

46 27  48  50  54  84  0
 -46 -27 0
 -46 -32 0
 -46 -34 0
 -46 -47 0
 -46 -48 0
 -46 -49 0
 -46 -50 0
 -46 -54 0
 -46 -84 0

47 4  74  0
 -47 -4 0
 -47 -32 0
 -47 -46 0
 -47 -61 0
 -47 -62 0
 -47 -74 0

48 27  46  50  54  84  0
 -48 -27 0
 -48 -34 0
 -48 -36 0
 -48 -46 0
 -48 -49 0
 -48 -50 0
 -48 -51 0
 -48 -54 0
 -48 -84 0

49 10  12  34  0
 -49 -10 0
 -49 -12 0
 -49 -34 0
 -49 -46 0
 -49 -48 0
 -49 -61 0
 -49 -63 0
 -49 -64 0

50 27  46  48  54  84  0
 -50 -27 0
 -50 -36 0
 -50 -38 0
 -50 -46 0
 -50 -48 0
 -50 -51 0
 -50 -52 0
 -50 -53 0
 -50 -54 0
 -50 -84 0

51 15  36  89  0
 -51 -15 0
 -51 -36 0
 -51 -48 0
 -51 -50 0
 -51 -63 0
 -51 -65 0
 -51 -66 0
 -51 -89 0

52 24  38  0
 -52 -24 0
 -52 -38 0
 -52 -40 0
 -52 -50 0
 -52 -53 0
 -52 -54 0
 -52 -55 0

53 18  82  0
 -53 -18 0
 -53 -38 0
 -53 -50 0
 -53 -52 0
 -53 -65 0
 -53 -67 0
 -53 -68 0
 -53 -82 0

54 27  46  48  50  84  0
 -54 -27 0
 -54 -40 0
 -54 -42 0
 -54 -46 0
 -54 -48 0
 -54 -50 0
 -54 -52 0
 -54 -55 0
 -54 -56 0
 -54 -57 0
 -54 -84 0

55 20  21  22  23  35  70  0
 -55 -20 0
 -55 -21 0
 -55 -22 0
 -55 -23 0
 -55 -35 0
 -55 -40 0
 -55 -52 0
 -55 -54 0
 -55 -67 0
 -55 -69 0
 -55 -70 0

56 28  32  39  57  72  0
 -56 -28 0
 -56 -32 0
 -56 -39 0
 -56 -42 0
 -56 -44 0
 -56 -54 0
 -56 -57 0
 -56 -58 0
 -56 -59 0
 -56 -72 0

57 28  32  39  56  72  0
 -57 -28 0
 -57 -32 0
 -57 -39 0
 -57 -42 0
 -57 -54 0
 -57 -56 0
 -57 -69 0
 -57 -71 0
 -57 -72 0

58 14  69  97  0
 -58 -14 0
 -58 -44 0
 -58 -45 0
 -58 -56 0
 -58 -59 0
 -58 -60 0
 -58 -69 0
 -58 -97 0

59 16  71  0
 -59 -16 0
 -59 -44 0
 -59 -56 0
 -59 -58 0
 -59 -71 0
 -59 -73 0
 -59 -74 0

60 65  67  0
 -60 -45 0
 -60 -58 0
 -60 -65 0
 -60 -67 0
 -60 -73 0
 -60 -75 0

61 19  64  83  0
 -61 -19 0
 -61 -47 0
 -61 -49 0
 -61 -62 0
 -61 -63 0
 -61 -64 0
 -61 -83 0

62 68  73  76  0
 -62 -47 0
 -62 -61 0
 -62 -68 0
 -62 -73 0
 -62 -76 0
 -62 -77 0

63 11  33  45  96  0
 -63 -11 0
 -63 -33 0
 -63 -45 0
 -63 -49 0
 -63 -51 0
 -63 -61 0
 -63 -64 0
 -63 -65 0
 -63 -66 0
 -63 -96 0

64 19  61  83  0
 -64 -19 0
 -64 -49 0
 -64 -61 0
 -64 -63 0
 -64 -76 0
 -64 -78 0
 -64 -79 0
 -64 -83 0

65 60  67  0
 -65 -51 0
 -65 -53 0
 -65 -60 0
 -65 -63 0
 -65 -66 0
 -65 -67 0
 -65 -68 0

66 8  0
 -66 -8 0
 -66 -51 0
 -66 -63 0
 -66 -65 0
 -66 -78 0
 -66 -80 0
 -66 -81 0

67 60  65  0
 -67 -53 0
 -67 -55 0
 -67 -60 0
 -67 -65 0
 -67 -68 0
 -67 -69 0
 -67 -70 0

68 62  73  76  0
 -68 -53 0
 -68 -62 0
 -68 -65 0
 -68 -67 0
 -68 -73 0
 -68 -76 0
 -68 -80 0
 -68 -82 0
 -68 -83 0

69 14  58  97  0
 -69 -14 0
 -69 -55 0
 -69 -57 0
 -69 -58 0
 -69 -67 0
 -69 -70 0
 -69 -71 0
 -69 -72 0
 -69 -97 0

70 20  21  22  23  35  55  0
 -70 -20 0
 -70 -21 0
 -70 -22 0
 -70 -23 0
 -70 -35 0
 -70 -55 0
 -70 -67 0
 -70 -69 0
 -70 -82 0
 -70 -84 0
 -70 -85 0

71 16  59  0
 -71 -16 0
 -71 -57 0
 -71 -59 0
 -71 -69 0
 -71 -72 0
 -71 -73 0
 -71 -74 0

72 28  32  39  56  57  0
 -72 -28 0
 -72 -32 0
 -72 -39 0
 -72 -56 0
 -72 -57 0
 -72 -69 0
 -72 -71 0
 -72 -84 0
 -72 -86 0
 -72 -87 0

73 62  68  76  0
 -73 -59 0
 -73 -60 0
 -73 -62 0
 -73 -68 0
 -73 -71 0
 -73 -74 0
 -73 -75 0
 -73 -76 0

74 4  47  0
 -74 -4 0
 -74 -47 0
 -74 -59 0
 -74 -71 0
 -74 -73 0
 -74 -86 0
 -74 -88 0
 -74 -89 0

75 77  78  79  80  0
 -75 -60 0
 -75 -73 0
 -75 -77 0
 -75 -78 0
 -75 -79 0
 -75 -80 0
 -75 -88 0
 -75 -90 0

76 62  68  73  0
 -76 -62 0
 -76 -64 0
 -76 -68 0
 -76 -73 0
 -76 -77 0
 -76 -78 0
 -76 -79 0

77 75  78  79  80  0
 -77 -62 0
 -77 -75 0
 -77 -76 0
 -77 -78 0
 -77 -79 0
 -77 -80 0
 -77 -91 0

78 75  77  79  80  0
 -78 -64 0
 -78 -66 0
 -78 -75 0
 -78 -76 0
 -78 -77 0
 -78 -79 0
 -78 -80 0
 -78 -81 0

79 75  77  78  80  0
 -79 -64 0
 -79 -75 0
 -79 -76 0
 -79 -77 0
 -79 -78 0
 -79 -80 0
 -79 -91 0
 -79 -92 0

80 75  77  78  79  0
 -80 -66 0
 -80 -68 0
 -80 -75 0
 -80 -77 0
 -80 -78 0
 -80 -79 0
 -80 -81 0
 -80 -82 0
 -80 -83 0

81 5  91  92  0
 -81 -5 0
 -81 -66 0
 -81 -78 0
 -81 -80 0
 -81 -91 0
 -81 -92 0
 -81 -93 0

82 18  53  0
 -82 -18 0
 -82 -53 0
 -82 -68 0
 -82 -70 0
 -82 -80 0
 -82 -83 0
 -82 -84 0
 -82 -85 0

83 19  61  64  0
 -83 -19 0
 -83 -61 0
 -83 -64 0
 -83 -68 0
 -83 -80 0
 -83 -82 0
 -83 -93 0
 -83 -94 0

84 27  46  48  50  54  0
 -84 -27 0
 -84 -46 0
 -84 -48 0
 -84 -50 0
 -84 -54 0
 -84 -70 0
 -84 -72 0
 -84 -82 0
 -84 -85 0
 -84 -86 0
 -84 -87 0

85 25  26  37  40  0
 -85 -25 0
 -85 -26 0
 -85 -37 0
 -85 -40 0
 -85 -70 0
 -85 -82 0
 -85 -84 0
 -85 -94 0
 -85 -95 0

86 42  0
 -86 -42 0
 -86 -72 0
 -86 -74 0
 -86 -84 0
 -86 -87 0
 -86 -88 0
 -86 -89 0

87 30  41  0
 -87 -30 0
 -87 -41 0
 -87 -72 0
 -87 -84 0
 -87 -86 0
 -87 -95 0
 -87 -96 0

88 1  3  0
 -88 -1 0
 -88 -3 0
 -88 -74 0
 -88 -75 0
 -88 -86 0
 -88 -89 0
 -88 -90 0

89 15  36  51  0
 -89 -15 0
 -89 -36 0
 -89 -51 0
 -89 -74 0
 -89 -86 0
 -89 -88 0
 -89 -96 0
 -89 -97 0

90 2  0
 -90 -2 0
 -90 -75 0
 -90 -88 0
 -90 -97 0

91 5  81  92  0
 -91 -5 0
 -91 -77 0
 -91 -79 0
 -91 -81 0
 -91 -92 0

92 5  81  91  0
 -92 -5 0
 -92 -79 0
 -92 -81 0
 -92 -91 0
 -92 -93 0

93 7  0
 -93 -7 0
 -93 -81 0
 -93 -83 0
 -93 -92 0
 -93 -94 0

94 29  31  44  95  0
 -94 -29 0
 -94 -31 0
 -94 -44 0
 -94 -83 0
 -94 -85 0
 -94 -93 0
 -94 -95 0

95 29  31  44  94  0
 -95 -29 0
 -95 -31 0
 -95 -44 0
 -95 -85 0
 -95 -87 0
 -95 -94 0
 -95 -96 0

96 11  33  45  63  0
 -96 -11 0
 -96 -33 0
 -96 -45 0
 -96 -63 0
 -96 -87 0
 -96 -89 0
 -96 -95 0
 -96 -97 0

97 14  58  69  0
 -97 -14 0
 -97 -58 0
 -97 -69 0
 -97 -89 0
 -97 -90 0
 -97 -96 0
